# memory write operations ------------------------------------- 
1000000000000000000000000000000000010011110101001
1000000000000000000000000000000010110101101110010
1000000000000000000000000000000100101000000000001
1000000000000000000000000000000110111101010110110
1000000000000000000000000000001001010101001001000
1000000000000000000000000000001010110010011001100
1000000000000000000000000000001101100111011111100
1000000000000000000000000000001110111010110010001
1000000000000000000000000000010001010101010001101
1000000000000000000000000000010010110010111110000
1000000000000000000000000000010100010100001011010
1000000000000000000000000000010110011000111001101
1000000000000000000000000000011000001000001001110
1000000000000000000000000000011010000111001010110
1000000000000000000000000000011101001110001100111
1000000000000000000000000000011110010010011110101
1000000000000000000000000000100001011001111011000
1000000000000000000000000000100011110100101111010
1000000000000000000000000000100100001000010011001
1000000000000000000000000000100111000110010111000
1000000000000000000000000000101000100101111101110
1000000000000000000000000000101011000111110010110
1000000000000000000000000000101100011100011000100
1000000000000000000000000000101111010111100001011
1000000000000000000000000000110001111001011010101
1000000000000000000000000000110011100001110100101
1000000000000000000000000000110101010101110100001
1000000000000000000000000000110111010110111011011
1000000000000000000000000000111000000110111110100
1000000000000000000000000000111011111101000001011
1000000000000000000000000000111100111011011010011
1000000000000000000000000000111110000000000101011
1000000000000000000000000001000001001111000111100
1000000000000000000000000001000010100000111111011
1000000000000000000000000001000100010000000111101
1000000000000000000000000001000110000110010111010
1000000000000000000000000001001000100001111110101
1000000000000000000000000001001011001011010110110
1000000000000000000000000001001100000000110001111
1000000000000000000000000001001110100011010011011
1000000000000000000000000001010000111001000101010
1000000000000000000000000001010011001000101100000
1000000000000000000000000001010101001100100010111
1000000000000000000000000001010111101011111101001
1000000000000000000000000001011000000010100110001
1000000000000000000000000001011011011111011101011
1000000000000000000000000001011101100110111100101
1000000000000000000000000001011110110100100111101
1000000000000000000000000001100001001001100011100
1000000000000000000000000001100010010001101110000
1000000000000000000000000001100101010101110010101
1000000000000000000000000001100111001100111010111
1000000000000000000000000001101000101111010101111
1000000000000000000000000001101011010011100101100
1000000000000000000000000001101100010011101111001
1000000000000000000000000001101110111100010100001
1000000000000000000000000001110000111001101100001
1000000000000000000000000001110011101000010011100
1000000000000000000000000001110101111110001101101
1000000000000000000000000001110110011001011001001
1000000000000000000000000001111000100101010011011
1000000000000000000000000001111011001111000110111
1000000000000000000000000001111100001110101000001
1000000000000000000000000001111110000101100001001
1000000000000000000000000010000001010010011110111
1000000000000000000000000010000011100000110010111
1000000000000000000000000010000100000001110000011
1000000000000000000000000010000111011011110100111
1000000000000000000000000010001000110011111101001
1000000000000000000000000010001011011001111011001
1000000000000000000000000010001100110110000010100
1000000000000000000000000010001111000100010100010
1000000000000000000000000010010001000010101110001
1000000000000000000000000010010010001100000000000
1000000000000000000000000010010100010011011111000
1000000000000000000000000010010110011111110000101
1000000000000000000000000010011000001011011010111
1000000000000000000000000010011010001010110110010
1000000000000000000000000010011100100101000001100
1000000000000000000000000010011110000010101001001
1000000000000000000000000010100001111101101010111
1000000000000000000000000010100011010001111110100
1000000000000000000000000010100101001010011000100
1000000000000000000000000010100110011111110000111
1000000000000000000000000010101000001010100110010
1000000000000000000000000010101011010001110111001
1000000000000000000000000010101101011000100101110
1000000000000000000000000010101110001101110000110
1000000000000000000000000010110000001110110111000
1000000000000000000000000010110010100111000001111
1000000000000000000000000010110101101011010111010
1000000000000000000000000010110111001010100011111
1000000000000000000000000010111001011110000111001
1000000000000000000000000010111010110011000101100
1000000000000000000000000010111101010000011101000
1000000000000000000000000010111110000010011010001
1000000000000000000000000011000000000010100111011
1000000000000000000000000011000010010001001110110
1000000000000000000000000011000100010111111000100
1000000000000000000000000011000110111011100010111
1000000000000000000000000011001001110100100110111
1000000000000000000000000011001011101101101001110
1000000000000000000000000011001101011111001101011
1000000000000000000000000011001110000011110001000
1000000000000000000000000011010000010100000100001
1000000000000000000000000011010010000000110110010
1000000000000000000000000011010100001101111001100
1000000000000000000000000011010110000010100001110
1000000000000000000000000011011000011101010011010
1000000000000000000000000011011010000010010100100
1000000000000000000000000011011100100010101100010
1000000000000000000000000011011111111100011000101
1000000000000000000000000011100001011011011001011
1000000000000000000000000011100010111011011111101
1000000000000000000000000011100101011110100111100
1000000000000000000000000011100111000110111111001
1000000000000000000000000011101001011010100100001
1000000000000000000000000011101010000010101010100
1000000000000000000000000011101100111011010000101
1000000000000000000000000011101111001010101011011
1000000000000000000000000011110000110101011100100
1000000000000000000000000011110011100111010001110
1000000000000000000000000011110100100110101011001
1000000000000000000000000011110111000010111010000
1000000000000000000000000011111000100011110001001
1000000000000000000000000011111011001100111100010
1000000000000000000000000011111100100010001101101
1000000000000000000000000011111111101001011111000
1000000000000000000000000100000001010110100010100
1000000000000000000000000100000010011101100111000
1000000000000000000000000100000100101000000010010
1000000000000000000000000100000110001111010011011
1000000000000000000000000100001000111110011001000
1000000000000000000000000100001010001110011101000
1000000000000000000000000100001100100001100001010
1000000000000000000000000100001110100100110000011
1000000000000000000000000100010001110100011110101
1000000000000000000000000100010011101001110111001
1000000000000000000000000100010101001101100110101
1000000000000000000000000100010111110101110110010
1000000000000000000000000100011000001011110100001
1000000000000000000000000100011011100010110100110
1000000000000000000000000100011101110001100110100
1000000000000000000000000100011110011101001101100
1000000000000000000000000100100000011110111111101
1000000000000000000000000100100010011111001100001
1000000000000000000000000100100100000111111111011
1000000000000000000000000100100111001011101110110
1000000000000000000000000100101001110110000010000
1000000000000000000000000100101011010011000011110
1000000000000000000000000100101100010110011101000
1000000000000000000000000100101111101011010110010
1000000000000000000000000100110000111001000011000
1000000000000000000000000100110010000010011000111
1000000000000000000000000100110100001110011100110
1000000000000000000000000100110110001000001001100
1000000000000000000000000100111000101001010110101
1000000000000000000000000100111011100111011001101
1000000000000000000000000100111100110110010110001
1000000000000000000000000100111111000110111000110
1000000000000000000000000101000000001101011100000
1000000000000000000000000101000010100111100111101
1000000000000000000000000101000101000100110101001
1000000000000000000000000101000110100011101111110
1000000000000000000000000101001001101011011110000
1000000000000000000000000101001011100000000001110
1000000000000000000000000101001100100001110100011
1000000000000000000000000101001110101110101000011
1000000000000000000000000101010000001011001011101
1000000000000000000000000101010011000001100101000
1000000000000000000000000101010101111010011101100
1000000000000000000000000101010110100000000111000
1000000000000000000000000101011000110101101011101
1000000000000000000000000101011011011000010111001
1000000000000000000000000101011100000001001001010
1000000000000000000000000101011111000011000011101
1000000000000000000000000101100000101010101011101
1000000000000000000000000101100010011001100101100
1000000000000000000000000101100101011000101100100
1000000000000000000000000101100111010000110000011
1000000000000000000000000101101000100011110010010
1000000000000000000000000101101011110100011101100
1000000000000000000000000101101101000101000011110
1000000000000000000000000101101110100011111110001
1000000000000000000000000101110001100111010000101
1000000000000000000000000101110011010011001111000
1000000000000000000000000101110101001001110011111
1000000000000000000000000101110110100011100011001
1000000000000000000000000101111000001001010111001
1000000000000000000000000101111010001110010011101
1000000000000000000000000101111101011110100000111
1000000000000000000000000101111111101000000110110
1000000000000000000000000110000000010011111100010
1000000000000000000000000110000010110011111001100
1000000000000000000000000110000101000100000110111
1000000000000000000000000110000110101010000101010
1000000000000000000000000110001001110100011111000
1000000000000000000000000110001010110101110001110
1000000000000000000000000110001100111011011000101
1000000000000000000000000110001110011000111101000
1000000000000000000000000110010001000110100011000
1000000000000000000000000110010010110000011011100
1000000000000000000000000110010100101101111000111
1000000000000000000000000110010110100110100110101
1000000000000000000000000110011001100111111000111
1000000000000000000000000110011011000101110010001
1000000000000000000000000110011100110100000001101
1000000000000000000000000110011111111101001111101
1000000000000000000000000110100001111101010110000
1000000000000000000000000110100011100101000010011
1000000000000000000000000110100101100001101101111
1000000000000000000000000110100110101101101101011
1000000000000000000000000110101000101010100101101
1000000000000000000000000110101010001110010000111
1000000000000000000000000110101101111001001010101
1000000000000000000000000110101111101010110011001
1000000000000000000000000110110000101010111111010
1000000000000000000000000110110011011001001101000
1000000000000000000000000110110101110111011110000
1000000000000000000000000110110110001010101010000
1000000000000000000000000110111001100111010110010
1000000000000000000000000110111011001001100001010
1000000000000000000000000110111100001101000110010
1000000000000000000000000110111111000000000000100
1000000000000000000000000111000001111110010111101
1000000000000000000000000111000010101100010110100
1000000000000000000000000111000100011101001101010
1000000000000000000000000111000110110011110100100
1000000000000000000000000111001000000000010011000
1000000000000000000000000111001010101110000111101
1000000000000000000000000111001100111011010100101
1000000000000000000000000111001110011000100101000
1000000000000000000000000111010001001011011100111
1000000000000000000000000111010010111000010100010
1000000000000000000000000111010100001111111011010
1000000000000000000000000111010111101100001000011
1000000000000000000000000111011001101100011011111
1000000000000000000000000111011011001110101001000
1000000000000000000000000111011101010111100001101
1000000000000000000000000111011111100100110100111
1000000000000000000000000111100001100110001011101
1000000000000000000000000111100010100011101001110
1000000000000000000000000111100100010111000100110
1000000000000000000000000111100111011110011011001
1000000000000000000000000111101001011000001100100
1000000000000000000000000111101011111111010010110
1000000000000000000000000111101100000010001011000
1000000000000000000000000111101110110101101100001
1000000000000000000000000111110001101011111100110
1000000000000000000000000111110011010010010100101
1000000000000000000000000111110101011001110100010
1000000000000000000000000111110111010110100010010
1000000000000000000000000111111000100010111001110
1000000000000000000000000111111011011111110101000
1000000000000000000000000111111100100010000001001
1000000000000000000000000111111111011011001111111
# memory read operations -------------------------------------- 
000000000000000000000000000000000
000000000000000000000000000000001
000000000000000000000000000000010
000000000000000000000000000000011
000000000000000000000000000000100
000000000000000000000000000000101
000000000000000000000000000000110
000000000000000000000000000000111
000000000000000000000000000001000
000000000000000000000000000001001
000000000000000000000000000001010
000000000000000000000000000001011
000000000000000000000000000001100
000000000000000000000000000001101
000000000000000000000000000001110
000000000000000000000000000001111
000000000000000000000000000010000
000000000000000000000000000010001
000000000000000000000000000010010
000000000000000000000000000010011
000000000000000000000000000010100
000000000000000000000000000010101
000000000000000000000000000010110
000000000000000000000000000010111
000000000000000000000000000011000
000000000000000000000000000011001
000000000000000000000000000011010
000000000000000000000000000011011
000000000000000000000000000011100
000000000000000000000000000011101
000000000000000000000000000011110
000000000000000000000000000011111
000000000000000000000000000100000
000000000000000000000000000100001
000000000000000000000000000100010
000000000000000000000000000100011
000000000000000000000000000100100
000000000000000000000000000100101
000000000000000000000000000100110
000000000000000000000000000100111
000000000000000000000000000101000
000000000000000000000000000101001
000000000000000000000000000101010
000000000000000000000000000101011
000000000000000000000000000101100
000000000000000000000000000101101
000000000000000000000000000101110
000000000000000000000000000101111
000000000000000000000000000110000
000000000000000000000000000110001
000000000000000000000000000110010
000000000000000000000000000110011
000000000000000000000000000110100
000000000000000000000000000110101
000000000000000000000000000110110
000000000000000000000000000110111
000000000000000000000000000111000
000000000000000000000000000111001
000000000000000000000000000111010
000000000000000000000000000111011
000000000000000000000000000111100
000000000000000000000000000111101
000000000000000000000000000111110
000000000000000000000000000111111
000000000000000000000000001000000
000000000000000000000000001000001
000000000000000000000000001000010
000000000000000000000000001000011
000000000000000000000000001000100
000000000000000000000000001000101
000000000000000000000000001000110
000000000000000000000000001000111
000000000000000000000000001001000
000000000000000000000000001001001
000000000000000000000000001001010
000000000000000000000000001001011
000000000000000000000000001001100
000000000000000000000000001001101
000000000000000000000000001001110
000000000000000000000000001001111
000000000000000000000000001010000
000000000000000000000000001010001
000000000000000000000000001010010
000000000000000000000000001010011
000000000000000000000000001010100
000000000000000000000000001010101
000000000000000000000000001010110
000000000000000000000000001010111
000000000000000000000000001011000
000000000000000000000000001011001
000000000000000000000000001011010
000000000000000000000000001011011
000000000000000000000000001011100
000000000000000000000000001011101
000000000000000000000000001011110
000000000000000000000000001011111
000000000000000000000000001100000
000000000000000000000000001100001
000000000000000000000000001100010
000000000000000000000000001100011
000000000000000000000000001100100
000000000000000000000000001100101
000000000000000000000000001100110
000000000000000000000000001100111
000000000000000000000000001101000
000000000000000000000000001101001
000000000000000000000000001101010
000000000000000000000000001101011
000000000000000000000000001101100
000000000000000000000000001101101
000000000000000000000000001101110
000000000000000000000000001101111
000000000000000000000000001110000
000000000000000000000000001110001
000000000000000000000000001110010
000000000000000000000000001110011
000000000000000000000000001110100
000000000000000000000000001110101
000000000000000000000000001110110
000000000000000000000000001110111
000000000000000000000000001111000
000000000000000000000000001111001
000000000000000000000000001111010
000000000000000000000000001111011
000000000000000000000000001111100
000000000000000000000000001111101
000000000000000000000000001111110
000000000000000000000000001111111
000000000000000000000000010000000
000000000000000000000000010000001
000000000000000000000000010000010
000000000000000000000000010000011
000000000000000000000000010000100
000000000000000000000000010000101
000000000000000000000000010000110
000000000000000000000000010000111
000000000000000000000000010001000
000000000000000000000000010001001
000000000000000000000000010001010
000000000000000000000000010001011
000000000000000000000000010001100
000000000000000000000000010001101
000000000000000000000000010001110
000000000000000000000000010001111
000000000000000000000000010010000
000000000000000000000000010010001
000000000000000000000000010010010
000000000000000000000000010010011
000000000000000000000000010010100
000000000000000000000000010010101
000000000000000000000000010010110
000000000000000000000000010010111
000000000000000000000000010011000
000000000000000000000000010011001
000000000000000000000000010011010
000000000000000000000000010011011
000000000000000000000000010011100
000000000000000000000000010011101
000000000000000000000000010011110
000000000000000000000000010011111
000000000000000000000000010100000
000000000000000000000000010100001
000000000000000000000000010100010
000000000000000000000000010100011
000000000000000000000000010100100
000000000000000000000000010100101
000000000000000000000000010100110
000000000000000000000000010100111
000000000000000000000000010101000
000000000000000000000000010101001
000000000000000000000000010101010
000000000000000000000000010101011
000000000000000000000000010101100
000000000000000000000000010101101
000000000000000000000000010101110
000000000000000000000000010101111
000000000000000000000000010110000
000000000000000000000000010110001
000000000000000000000000010110010
000000000000000000000000010110011
000000000000000000000000010110100
000000000000000000000000010110101
000000000000000000000000010110110
000000000000000000000000010110111
000000000000000000000000010111000
000000000000000000000000010111001
000000000000000000000000010111010
000000000000000000000000010111011
000000000000000000000000010111100
000000000000000000000000010111101
000000000000000000000000010111110
000000000000000000000000010111111
000000000000000000000000011000000
000000000000000000000000011000001
000000000000000000000000011000010
000000000000000000000000011000011
000000000000000000000000011000100
000000000000000000000000011000101
000000000000000000000000011000110
000000000000000000000000011000111
000000000000000000000000011001000
000000000000000000000000011001001
000000000000000000000000011001010
000000000000000000000000011001011
000000000000000000000000011001100
000000000000000000000000011001101
000000000000000000000000011001110
000000000000000000000000011001111
000000000000000000000000011010000
000000000000000000000000011010001
000000000000000000000000011010010
000000000000000000000000011010011
000000000000000000000000011010100
000000000000000000000000011010101
000000000000000000000000011010110
000000000000000000000000011010111
000000000000000000000000011011000
000000000000000000000000011011001
000000000000000000000000011011010
000000000000000000000000011011011
000000000000000000000000011011100
000000000000000000000000011011101
000000000000000000000000011011110
000000000000000000000000011011111
000000000000000000000000011100000
000000000000000000000000011100001
000000000000000000000000011100010
000000000000000000000000011100011
000000000000000000000000011100100
000000000000000000000000011100101
000000000000000000000000011100110
000000000000000000000000011100111
000000000000000000000000011101000
000000000000000000000000011101001
000000000000000000000000011101010
000000000000000000000000011101011
000000000000000000000000011101100
000000000000000000000000011101101
000000000000000000000000011101110
000000000000000000000000011101111
000000000000000000000000011110000
000000000000000000000000011110001
000000000000000000000000011110010
000000000000000000000000011110011
000000000000000000000000011110100
000000000000000000000000011110101
000000000000000000000000011110110
000000000000000000000000011110111
000000000000000000000000011111000
000000000000000000000000011111001
000000000000000000000000011111010
000000000000000000000000011111011
000000000000000000000000011111100
000000000000000000000000011111101
000000000000000000000000011111110
000000000000000000000000011111111
# configuration register write operations (enter DPD mode) ----- 
1000000000100000000000000000000000000000000000011
# configuration register read operations ---------------------- 
000000000010000000000000000000000
# memory write operations ------------------------------------- 
1000000000000000000000000000000001100110000101000
1000000000000000000000000000000011111011101100100
1000000000000000000000000000000100111001000010110
1000000000000000000000000000000111000110000100111
1000000000000000000000000000001001010111001011000
1000000000000000000000000000001010010001000000000
1000000000000000000000000000001101011110001001101
1000000000000000000000000000001111111111010110001
1000000000000000000000000000010000001101111100011
1000000000000000000000000000010011011101111110011
1000000000000000000000000000010100001000111001100
1000000000000000000000000000010111011001101110100
1000000000000000000000000000011000111001001010110
1000000000000000000000000000011010111110100001001
1000000000000000000000000000011101001100100011001
1000000000000000000000000000011110001010000100010
1000000000000000000000000000100000010000101011111
1000000000000000000000000000100010101000100011010
1000000000000000000000000000100101100001110000111
1000000000000000000000000000100111101110000100101
1000000000000000000000000000101000111100111000001
1000000000000000000000000000101011000100101001001
1000000000000000000000000000101101001011111000110
1000000000000000000000000000101110100000110011001
1000000000000000000000000000110000000000110010110
1000000000000000000000000000110010011000011110000
1000000000000000000000000000110101100011100010110
1000000000000000000000000000110111110110101110011
1000000000000000000000000000111000100010010101101
1000000000000000000000000000111011010100101111011
1000000000000000000000000000111100001111010001100
1000000000000000000000000000111110001000111101000
1000000000000000000000000001000001100110101100101
1000000000000000000000000001000011111001010011100
1000000000000000000000000001000100011110010001000
1000000000000000000000000001000110010010000101001
1000000000000000000000000001001000001111110111000
1000000000000000000000000001001010110011101100100
1000000000000000000000000001001100001100100000011
1000000000000000000000000001001111011011101000101
1000000000000000000000000001010000111000011101001
1000000000000000000000000001010010010110001100011
1000000000000000000000000001010100010111111110100
1000000000000000000000000001010110100110010010100
1000000000000000000000000001011000000000111010010
1000000000000000000000000001011010000001001001000
1000000000000000000000000001011101010100101011011
1000000000000000000000000001011111001111010000101
1000000000000000000000000001100001001100011011011
1000000000000000000000000001100011001010001011000
1000000000000000000000000001100101010110101100000
1000000000000000000000000001100111010011000001110
1000000000000000000000000001101001010111000001010
1000000000000000000000000001101010100010011000110
1000000000000000000000000001101100011101000010101
1000000000000000000000000001101111110110000110101
1000000000000000000000000001110001001100110101101
1000000000000000000000000001110010100000000010001
1000000000000000000000000001110100111011101000110
1000000000000000000000000001110111101101101111001
1000000000000000000000000001111001110001110011000
1000000000000000000000000001111011101000100110001
1000000000000000000000000001111101110001110111010
1000000000000000000000000001111111100100011011011
1000000000000000000000000010000000001110100101001
1000000000000000000000000010000011110100111110111
1000000000000000000000000010000100101011110000010
1000000000000000000000000010000111101100100111011
1000000000000000000000000010001001010001000111010
1000000000000000000000000010001011101110000010110
1000000000000000000000000010001101001100001111111
1000000000000000000000000010001111101001110000110
1000000000000000000000000010010001101011100110111
1000000000000000000000000010010011101000110110111
1000000000000000000000000010010100110000111101111
1000000000000000000000000010010111110001001010111
1000000000000000000000000010011001010010110110001
1000000000000000000000000010011010101001111110010
1000000000000000000000000010011101001011001000110
1000000000000000000000000010011111011101111010001
1000000000000000000000000010100001110011011110100
1000000000000000000000000010100010000001101101110
1000000000000000000000000010100101001100011111110
1000000000000000000000000010100110000001111010011
1000000000000000000000000010101000011100100100101
1000000000000000000000000010101010100010010000110
1000000000000000000000000010101100000000001011011
1000000000000000000000000010101110010001110101011
1000000000000000000000000010110001101000110110111
1000000000000000000000000010110010111000110010000
1000000000000000000000000010110101100100110010111
1000000000000000000000000010110110010101000101011
1000000000000000000000000010111000000010101100000
1000000000000000000000000010111010111100101001000
1000000000000000000000000010111100000000100110100
1000000000000000000000000010111110110100110000100
1000000000000000000000000011000000101000100010110
1000000000000000000000000011000011111100111110011
1000000000000000000000000011000100110100101011110
1000000000000000000000000011000110010010100000011
1000000000000000000000000011001001000010110010010
1000000000000000000000000011001011001011001000100
1000000000000000000000000011001100011110000110010
1000000000000000000000000011001111110011011010001
1000000000000000000000000011010001111011000111010
1000000000000000000000000011010011000100111000111
1000000000000000000000000011010100110101000110000
1000000000000000000000000011010111111001001101110
1000000000000000000000000011011001110110110111011
1000000000000000000000000011011010111011000010101
1000000000000000000000000011011100110001011100110
1000000000000000000000000011011110101110100010010
1000000000000000000000000011100001010100001110010
1000000000000000000000000011100010011110100000101
1000000000000000000000000011100101111111011100000
1000000000000000000000000011100110110111111010001
1000000000000000000000000011101000110010111000100
1000000000000000000000000011101011010100110000111
1000000000000000000000000011101100110110000101100
1000000000000000000000000011101111010110110001000
1000000000000000000000000011110000000111001100110
1000000000000000000000000011110011010010100010001
1000000000000000000000000011110101101111111000011
1000000000000000000000000011110110010010110101101
1000000000000000000000000011111001100000100011010
1000000000000000000000000011111011000110111000000
1000000000000000000000000011111100010111110010110
1000000000000000000000000011111110101011010101101
1000000000000000000000000100000001001101000011010
1000000000000000000000000100000010110100101100001
1000000000000000000000000100000101001111101010100
1000000000000000000000000100000111100000110000001
1000000000000000000000000100001000011000101101011
1000000000000000000000000100001010001011110001111
1000000000000000000000000100001100101101111100100
1000000000000000000000000100001110101101111011001
1000000000000000000000000100010001010011111101110
1000000000000000000000000100010011011110011000000
1000000000000000000000000100010101110010111001100
1000000000000000000000000100010110100111000010110
1000000000000000000000000100011001010101010111001
1000000000000000000000000100011011010000001101111
1000000000000000000000000100011100011000001111100
1000000000000000000000000100011111010110001001100
1000000000000000000000000100100000011011011100011
1000000000000000000000000100100010010111010010000
1000000000000000000000000100100101010000100010000
1000000000000000000000000100100110110101010000000
1000000000000000000000000100101001001001110000001
1000000000000000000000000100101011101000010101011
1000000000000000000000000100101100110001101111001
1000000000000000000000000100101110100010101100011
1000000000000000000000000100110000000011000001010
1000000000000000000000000100110010001001001000111
1000000000000000000000000100110100111001101111011
1000000000000000000000000100110110100110111110000
1000000000000000000000000100111000011110000010010
1000000000000000000000000100111011010100101000110
1000000000000000000000000100111101110010101000101
1000000000000000000000000100111111110101010000111
1000000000000000000000000101000000100001111011010
1000000000000000000000000101000010010110011001000
1000000000000000000000000101000100010111010111100
1000000000000000000000000101000110001011000110101
1000000000000000000000000101001001000101001000001
1000000000000000000000000101001011111000000110101
1000000000000000000000000101001100000110010110100
1000000000000000000000000101001110010101001100011
1000000000000000000000000101010001001011000110100
1000000000000000000000000101010011000000001111010
1000000000000000000000000101010100011001100110000
1000000000000000000000000101010111000111111001101
1000000000000000000000000101011001101111100001110
1000000000000000000000000101011011010101111110101
1000000000000000000000000101011101001011010010100
1000000000000000000000000101011110110111101110000
1000000000000000000000000101100000110110101100101
1000000000000000000000000101100010010111001100011
1000000000000000000000000101100100110001001000100
1000000000000000000000000101100110000011101100110
1000000000000000000000000101101001101001010111111
1000000000000000000000000101101010101110000001001
1000000000000000000000000101101101101001110101101
1000000000000000000000000101101111000100110111010
1000000000000000000000000101110001011000110101011
1000000000000000000000000101110010000000001101110
1000000000000000000000000101110101111100000100000
1000000000000000000000000101110111011000110011100
1000000000000000000000000101111000101001010111010
1000000000000000000000000101111010101010011011111
1000000000000000000000000101111100000101000001110
1000000000000000000000000101111111000011101000011
1000000000000000000000000110000001110010101111110
1000000000000000000000000110000011000111100100111
1000000000000000000000000110000100111110110010000
1000000000000000000000000110000111000100111001000
1000000000000000000000000110001001000111100011010
1000000000000000000000000110001010100101011000101
1000000000000000000000000110001101100100011100111
1000000000000000000000000110001110001000100000011
1000000000000000000000000110010000001101000101011
1000000000000000000000000110010011000110101010100
1000000000000000000000000110010100110100111100100
1000000000000000000000000110010111111111110011010
1000000000000000000000000110011001110100111111000
1000000000000000000000000110011010011111010111011
1000000000000000000000000110011100111100100111001
1000000000000000000000000110011110110011000011000
1000000000000000000000000110100000011111101000111
1000000000000000000000000110100011101000111100110
1000000000000000000000000110100101011010001111010
1000000000000000000000000110100111000100010110001
1000000000000000000000000110101001010100010000110
1000000000000000000000000110101010111110101111100
1000000000000000000000000110101100100110101010001
1000000000000000000000000110101111001001100001010
1000000000000000000000000110110001010100001000100
1000000000000000000000000110110010110100100100010
1000000000000000000000000110110100100111101110011
1000000000000000000000000110110111100010100011101
1000000000000000000000000110111000000110011101100
1000000000000000000000000110111011001110101100011
1000000000000000000000000110111100000010111100110
1000000000000000000000000110111110011000010010100
1000000000000000000000000111000001000001111111101
1000000000000000000000000111000011010110011011111
1000000000000000000000000111000101000100011111100
1000000000000000000000000111000111010010001110110
1000000000000000000000000111001000001011100100000
1000000000000000000000000111001010100001011101001
1000000000000000000000000111001100100001011001100
1000000000000000000000000111001110100101101010110
1000000000000000000000000111010001111110000010111
1000000000000000000000000111010010000110001010011
1000000000000000000000000111010100001011001001000
1000000000000000000000000111010111000111100101100
1000000000000000000000000111011000100101011100000
1000000000000000000000000111011011001010101110101
1000000000000000000000000111011101011000101011101
1000000000000000000000000111011111011101010100000
1000000000000000000000000111100000001001000011010
1000000000000000000000000111100011111010101100111
1000000000000000000000000111100100011001101001011
1000000000000000000000000111100110100111110001001
1000000000000000000000000111101001000100111101010
1000000000000000000000000111101010000001111110000
1000000000000000000000000111101101011011100111101
1000000000000000000000000111101110000100010010000
1000000000000000000000000111110000100100000100111
1000000000000000000000000111110011111101000111010
1000000000000000000000000111110101100011001001010
1000000000000000000000000111110110000000000110000
1000000000000000000000000111111000011011111111011
1000000000000000000000000111111010010011100000001
1000000000000000000000000111111100010100110011110
1000000000000000000000000111111110000000100101100
# memory read operations -------------------------------------- 
000000000000000000000000000000000
000000000000000000000000000000001
000000000000000000000000000000010
000000000000000000000000000000011
000000000000000000000000000000100
000000000000000000000000000000101
000000000000000000000000000000110
000000000000000000000000000000111
000000000000000000000000000001000
000000000000000000000000000001001
000000000000000000000000000001010
000000000000000000000000000001011
000000000000000000000000000001100
000000000000000000000000000001101
000000000000000000000000000001110
000000000000000000000000000001111
000000000000000000000000000010000
000000000000000000000000000010001
000000000000000000000000000010010
000000000000000000000000000010011
000000000000000000000000000010100
000000000000000000000000000010101
000000000000000000000000000010110
000000000000000000000000000010111
000000000000000000000000000011000
000000000000000000000000000011001
000000000000000000000000000011010
000000000000000000000000000011011
000000000000000000000000000011100
000000000000000000000000000011101
000000000000000000000000000011110
000000000000000000000000000011111
000000000000000000000000000100000
000000000000000000000000000100001
000000000000000000000000000100010
000000000000000000000000000100011
000000000000000000000000000100100
000000000000000000000000000100101
000000000000000000000000000100110
000000000000000000000000000100111
000000000000000000000000000101000
000000000000000000000000000101001
000000000000000000000000000101010
000000000000000000000000000101011
000000000000000000000000000101100
000000000000000000000000000101101
000000000000000000000000000101110
000000000000000000000000000101111
000000000000000000000000000110000
000000000000000000000000000110001
000000000000000000000000000110010
000000000000000000000000000110011
000000000000000000000000000110100
000000000000000000000000000110101
000000000000000000000000000110110
000000000000000000000000000110111
000000000000000000000000000111000
000000000000000000000000000111001
000000000000000000000000000111010
000000000000000000000000000111011
000000000000000000000000000111100
000000000000000000000000000111101
000000000000000000000000000111110
000000000000000000000000000111111
000000000000000000000000001000000
000000000000000000000000001000001
000000000000000000000000001000010
000000000000000000000000001000011
000000000000000000000000001000100
000000000000000000000000001000101
000000000000000000000000001000110
000000000000000000000000001000111
000000000000000000000000001001000
000000000000000000000000001001001
000000000000000000000000001001010
000000000000000000000000001001011
000000000000000000000000001001100
000000000000000000000000001001101
000000000000000000000000001001110
000000000000000000000000001001111
000000000000000000000000001010000
000000000000000000000000001010001
000000000000000000000000001010010
000000000000000000000000001010011
000000000000000000000000001010100
000000000000000000000000001010101
000000000000000000000000001010110
000000000000000000000000001010111
000000000000000000000000001011000
000000000000000000000000001011001
000000000000000000000000001011010
000000000000000000000000001011011
000000000000000000000000001011100
000000000000000000000000001011101
000000000000000000000000001011110
000000000000000000000000001011111
000000000000000000000000001100000
000000000000000000000000001100001
000000000000000000000000001100010
000000000000000000000000001100011
000000000000000000000000001100100
000000000000000000000000001100101
000000000000000000000000001100110
000000000000000000000000001100111
000000000000000000000000001101000
000000000000000000000000001101001
000000000000000000000000001101010
000000000000000000000000001101011
000000000000000000000000001101100
000000000000000000000000001101101
000000000000000000000000001101110
000000000000000000000000001101111
000000000000000000000000001110000
000000000000000000000000001110001
000000000000000000000000001110010
000000000000000000000000001110011
000000000000000000000000001110100
000000000000000000000000001110101
000000000000000000000000001110110
000000000000000000000000001110111
000000000000000000000000001111000
000000000000000000000000001111001
000000000000000000000000001111010
000000000000000000000000001111011
000000000000000000000000001111100
000000000000000000000000001111101
000000000000000000000000001111110
000000000000000000000000001111111
000000000000000000000000010000000
000000000000000000000000010000001
000000000000000000000000010000010
000000000000000000000000010000011
000000000000000000000000010000100
000000000000000000000000010000101
000000000000000000000000010000110
000000000000000000000000010000111
000000000000000000000000010001000
000000000000000000000000010001001
000000000000000000000000010001010
000000000000000000000000010001011
000000000000000000000000010001100
000000000000000000000000010001101
000000000000000000000000010001110
000000000000000000000000010001111
000000000000000000000000010010000
000000000000000000000000010010001
000000000000000000000000010010010
000000000000000000000000010010011
000000000000000000000000010010100
000000000000000000000000010010101
000000000000000000000000010010110
000000000000000000000000010010111
000000000000000000000000010011000
000000000000000000000000010011001
000000000000000000000000010011010
000000000000000000000000010011011
000000000000000000000000010011100
000000000000000000000000010011101
000000000000000000000000010011110
000000000000000000000000010011111
000000000000000000000000010100000
000000000000000000000000010100001
000000000000000000000000010100010
000000000000000000000000010100011
000000000000000000000000010100100
000000000000000000000000010100101
000000000000000000000000010100110
000000000000000000000000010100111
000000000000000000000000010101000
000000000000000000000000010101001
000000000000000000000000010101010
000000000000000000000000010101011
000000000000000000000000010101100
000000000000000000000000010101101
000000000000000000000000010101110
000000000000000000000000010101111
000000000000000000000000010110000
000000000000000000000000010110001
000000000000000000000000010110010
000000000000000000000000010110011
000000000000000000000000010110100
000000000000000000000000010110101
000000000000000000000000010110110
000000000000000000000000010110111
000000000000000000000000010111000
000000000000000000000000010111001
000000000000000000000000010111010
000000000000000000000000010111011
000000000000000000000000010111100
000000000000000000000000010111101
000000000000000000000000010111110
000000000000000000000000010111111
000000000000000000000000011000000
000000000000000000000000011000001
000000000000000000000000011000010
000000000000000000000000011000011
000000000000000000000000011000100
000000000000000000000000011000101
000000000000000000000000011000110
000000000000000000000000011000111
000000000000000000000000011001000
000000000000000000000000011001001
000000000000000000000000011001010
000000000000000000000000011001011
000000000000000000000000011001100
000000000000000000000000011001101
000000000000000000000000011001110
000000000000000000000000011001111
000000000000000000000000011010000
000000000000000000000000011010001
000000000000000000000000011010010
000000000000000000000000011010011
000000000000000000000000011010100
000000000000000000000000011010101
000000000000000000000000011010110
000000000000000000000000011010111
000000000000000000000000011011000
000000000000000000000000011011001
000000000000000000000000011011010
000000000000000000000000011011011
000000000000000000000000011011100
000000000000000000000000011011101
000000000000000000000000011011110
000000000000000000000000011011111
000000000000000000000000011100000
000000000000000000000000011100001
000000000000000000000000011100010
000000000000000000000000011100011
000000000000000000000000011100100
000000000000000000000000011100101
000000000000000000000000011100110
000000000000000000000000011100111
000000000000000000000000011101000
000000000000000000000000011101001
000000000000000000000000011101010
000000000000000000000000011101011
000000000000000000000000011101100
000000000000000000000000011101101
000000000000000000000000011101110
000000000000000000000000011101111
000000000000000000000000011110000
000000000000000000000000011110001
000000000000000000000000011110010
000000000000000000000000011110011
000000000000000000000000011110100
000000000000000000000000011110101
000000000000000000000000011110110
000000000000000000000000011110111
000000000000000000000000011111000
000000000000000000000000011111001
000000000000000000000000011111010
000000000000000000000000011111011
000000000000000000000000011111100
000000000000000000000000011111101
000000000000000000000000011111110
000000000000000000000000011111111
