1000111100011111
0000000000000010
0010011110101001
0110101101110010
0101000000000001
0111101010110110
1010101001001000
0110010011001100
1100111011111100
0111010110010001
1010101010001101
0110010111110000
0010100001011010
0011000111001101
0001000001001110
0000111001010110
1001110001100111
0010010011110101
1011001111011000
1110100101111010
0001000010011001
1000110010111000
0100101111101110
1000111110010110
0011100011000100
1010111100001011
1111001011010101
1100001110100101
1010101110100001
1010110111011011
0000110111110100
1111101000001011
0111011011010011
0000000000101011
1001111000111100
0100000111111011
0010000000111101
0000110010111010
0100001111110101
1001011010110110
0000000110001111
0100011010011011
0111001000101010
1001000101100000
1001100100010111
1101011111101001
0000010100110001
1011111011101011
1100110111100101
0110100100111101
1001001100011100
0010001101110000
1010101110010101
1001100111010111
0101111010101111
1010011100101100
0010011101111001
0111100010100001
0111001101100001
1101000010011100
1111110001101101
0011001011001001
0100101010011011
1001111000110111
0001110101000001
0000101100001001
1010010011110111
1100000110010111
0000001110000011
1011011110100111
0110011111101001
1011001111011001
0110110000010100
1000100010100010
1000010101110001
0001100000000000
0010011011111000
0011111110000101
0001011011010111
0001010110110010
0100101000001100
0000010101001001
1111101101010111
1010001111110100
1001010011000100
0011111110000111
0001010100110010
1010001110111001
1011000100101110
0001101110000110
0001110110111000
0100111000001111
1101011010111010
1001010100011111
1011110000111001
0110011000101100
1010000011101000
0000010011010001
0000010100111011
0010001001110110
0010111111000100
0111011100010111
1110100100110111
1101101101001110
1011111001101011
0000011110001000
0010100000100001
0000000110110010
0001101111001100
0000010100001110
0011101010011010
0000010010100100
0100010101100010
1111100011000101
1011011011001011
0111011011111101
1011110100111100
1000110111111001
1011010100100001
0000010101010100
0111011010000101
1001010101011011
0110101011100100
1100111010001110
0100110101011001
1000010111010000
0100011110001001
1001100111100010
0100010001101101
1101001011111000
1010110100010100
0011101100111000
0101000000010010
0001111010011011
0111110011001000
0001110011101000
0100001100001010
0100100110000011
1110100011110101
1101001110111001
1001101100110101
1110101110110010
0001011110100001
1100010110100110
1110001100110100
0011101001101100
0011110111111101
0011111001100001
0000111111111011
1001011101110110
1110110000010000
1010011000011110
0010110011101000
1101011010110010
0111001000011000
0000010011000111
0001110011100110
0001000001001100
0101001010110101
1100111011001101
0110110010110001
1000110111000110
0001101011100000
0100111100111101
1000100110101001
0100011101111110
1101011011110000
1100000000001110
0100001110100011
0101110101000011
0001011001011101
1000001100101000
1111010011101100
0100000000111000
0110101101011101
1011000010111001
0000001001001010
1000011000011101
0101010101011101
0011001100101100
1011000101100100
1010000110000011
0100011110010010
1110100011101100
1000101000011110
0100011111110001
1100111010000101
1010011001111000
1001001110011111
0100011100011001
0001001010111001
0001110010011101
1011110100000111
1101000000110110
0010011111100010
0110011111001100
1000100000110111
0101010000101010
1110100011111000
0110101110001110
0111011011000101
0011000111101000
1000110100011000
0110000011011100
0101101111000111
0100110100110101
1100111111000111
1000101110010001
0110100000001101
1111101001111101
1111101010110000
1100101000010011
1100001101101111
0101101101101011
0101010100101101
0001110010000111
1111001001010101
1101010110011001
0101010111111010
1011001001101000
1110111011110000
0001010101010000
1100111010110010
1001001100001010
0001101000110010
1000000000000100
1111110010111101
0101100010110100
0011101001101010
0110011110100100
0000000010011000
0101110000111101
0111011010100101
0011000100101000
1001011011100111
0111000010100010
0001111111011010
1101100001000011
1101100011011111
1001110101001000
1010111100001101
1100100110100111
1100110001011101
0100011101001110
0010111000100110
1011110011011001
1011000001100100
1111111010010110
0000010001011000
0110101101100001
1101011111100110
1010010010100101
1011001110100010
1010110100010010
0100010111001110
1011111110101000
0100010000001001
1011011001111111
0000000000000011
0000111100010111
