1000000000000000000000000000000000101101111110110
1000000000000000000000000000000011010001110011111
1000000000000000000000000000000101010000000011010
1000000000000000000000000000000110011110000001110
1000000000000000000000000000001001101000100111110
1000000000000000000000000000001011111111000010001
1000000000000000000000000000001101101100001101101
1000000000000000000000000000001110110101110111001
1000000000000000000000000000010001110110110000000
1000000000000000000000000000010011010010010000100
1000000000000000000000000000010101110101000001110
1000000000000000000000000000010111001000000000000
1000000000000000000000000000011001110101011001110
1000000000000000000000000000011011011011011001101
1000000000000000000000000000011101101111010000101
1000000000000000000000000000011110000010000111000
1000000000000000000000000000100001110111100110000
1000000000000000000000000000100010011010100011110
1000000000000000000000000000100100001101110011011
1000000000000000000000000000100110101100101110111
1000000000000000000000000000101000101111111111111
1000000000000000000000000000101011100101111100101
1000000000000000000000000000101100101110000101101
1000000000000000000000000000101111001011011111010
1000000000000000000000000000110000011011000001001
1000000000000000000000000000110010100010101000010
1000000000000000000000000000110100011110111011001
1000000000000000000000000000110110001011111110110
1000000000000000000000000000111001110011110001011
1000000000000000000000000000111011101101001001010
1000000000000000000000000000111100000010000001001
1000000000000000000000000000111110111010000101001
1000000000000000000000000001000000100001010110011
1000000000000000000000000001000010111111110101110
1000000000000000000000000001000101000100010100111
1000000000000000000000000001000110100110010000000
1000000000000000000000000001001000100110011111111
1000000000000000000000000001001010010111101100100
1000000000000000000000000001001101011011011110011
1000000000000000000000000001001110000111110001000
1000000000000000000000000001010000010000100010001
1000000000000000000000000001010011001000001010111
1000000000000000000000000001010100110110001110001
1000000000000000000000000001010111000101000010111
1000000000000000000000000001011001100011110000101
1000000000000000000000000001011011000100011010110
1000000000000000000000000001011100010100111111000
1000000000000000000000000001011110011011000000011
1000000000000000000000000001100000000011000010000
1000000000000000000000000001100010101100010000000
1000000000000000000000000001100101110100000011010
1000000000000000000000000001100110110100011101001
1000000000000000000000000001101000111100000001001
1000000000000000000000000001101010011000011010101
1000000000000000000000000001101101001000000010000
1000000000000000000000000001101111001111100111101
1000000000000000000000000001110001110101010111100
1000000000000000000000000001110010110000000001110
1000000000000000000000000001110101011101111110100
1000000000000000000000000001110111100010011100110
1000000000000000000000000001111001000110001101000
1000000000000000000000000001111010111110010111110
1000000000000000000000000001111101000000111001001
1000000000000000000000000001111110011011010001101
1000000000000000000000000010000001010001011101011
1000000000000000000000000010000010010010001111000
1000000000000000000000000010000101111011110011100
1000000000000000000000000010000111101011010111010
1000000000000000000000000010001000010001010111111
1000000000000000000000000010001010011110101101110
1000000000000000000000000010001100001101001000010
1000000000000000000000000010001110001100100111000
1000000000000000000000000010010001001110000000101
1000000000000000000000000010010011100001100010110
1000000000000000000000000010010101001110101010101
1000000000000000000000000010010110100110001110000
1000000000000000000000000010011001001100111110001
1000000000000000000000000010011010110011001011110
1000000000000000000000000010011101110000101011010
1000000000000000000000000010011110101111110111110
1000000000000000000000000010100000010000001111001
1000000000000000000000000010100010100000100010111
1000000000000000000000000010100100011011101010111
1000000000000000000000000010100111110111000111111
1000000000000000000000000010101000010011110011000
1000000000000000000000000010101011001101101000011
1000000000000000000000000010101100110010101100000
1000000000000000000000000010101111110010010111011
1000000000000000000000000010110001100100000011000
1000000000000000000000000010110010010010100101101
1000000000000000000000000010110101010110001100111
1000000000000000000000000010110111010011101100011
1000000000000000000000000010111001000110011011001
1000000000000000000000000010111011011001110100101
1000000000000000000000000010111101001001011011000
1000000000000000000000000010111111000101100100011
1000000000000000000000000011000000001101010000100
1000000000000000000000000011000011011010010111000
1000000000000000000000000011000101100101111010011
1000000000000000000000000011000111011000000110000
1000000000000000000000000011001000001000010111010
1000000000000000000000000011001010111100010001000
1000000000000000000000000011001100100111000000010
1000000000000000000000000011001111001100100111011
1000000000000000000000000011010001110010001111100
1000000000000000000000000011010011001100011001100
1000000000000000000000000011010100001001111010110
1000000000000000000000000011010111011000011001000
1000000000000000000000000011011000010100001100101
1000000000000000000000000011011011011110110010001
1000000000000000000000000011011100010100100101101
1000000000000000000000000011011111000101100111000
1000000000000000000000000011100000110111110000101
1000000000000000000000000011100011001000110010010
1000000000000000000000000011100100001001011100101
1000000000000000000000000011100110100100000001111
1000000000000000000000000011101000000100000110100
1000000000000000000000000011101011011101001001000
1000000000000000000000000011101100010100100000100
1000000000000000000000000011101111100001000100010
1000000000000000000000000011110000010101001110001
1000000000000000000000000011110010110101000101110
1000000000000000000000000011110101010011111100010
1000000000000000000000000011110111011101101110100
1000000000000000000000000011111000100000101000110
1000000000000000000000000011111010111111000001100
1000000000000000000000000011111101110010010010000
1000000000000000000000000011111110110001101000110
1000000000000000000000000100000001001010111110110
1000000000000000000000000100000010101010111101110
1000000000000000000000000100000101011101101011110
1000000000000000000000000100000110010100001100010
1000000000000000000000000100001000100111011110011
1000000000000000000000000100001010111100101101110
1000000000000000000000000100001100100011111110001
1000000000000000000000000100001111011111111001000
1000000000000000000000000100010000100001101010000
1000000000000000000000000100010011011111011111100
1000000000000000000000000100010101010100010011101
1000000000000000000000000100010110101000000001000
1000000000000000000000000100011001010010001011001
1000000000000000000000000100011011111000111010001
1000000000000000000000000100011100110101000100101
1000000000000000000000000100011110111101010001000
1000000000000000000000000100100001010100010101100
1000000000000000000000000100100011010100001010110
1000000000000000000000000100100101111011001101100
1000000000000000000000000100100110011111010100100
1000000000000000000000000100101001011000000010000
1000000000000000000000000100101010010101111011101
1000000000000000000000000100101101100011011101100
1000000000000000000000000100101110011001111101101
1000000000000000000000000100110001010011111100010
1000000000000000000000000100110010010111010010011
1000000000000000000000000100110100111010001001111
1000000000000000000000000100110111101110000010011
1000000000000000000000000100111000011110101111101
1000000000000000000000000100111011000111010010000
1000000000000000000000000100111100011110110101001
1000000000000000000000000100111110111011010101011
1000000000000000000000000101000000010001001101000
1000000000000000000000000101000010100111110100001
1000000000000000000000000101000100010100001010011
1000000000000000000000000101000110001010111100010
1000000000000000000000000101001000100110111110000
1000000000000000000000000101001011000011111100000
1000000000000000000000000101001100111000000110101
1000000000000000000000000101001110111111010111111
1000000000000000000000000101010000101100011110010
1000000000000000000000000101010010111001110101101
1000000000000000000000000101010100010101111000010
1000000000000000000000000101010111011110011000110
1000000000000000000000000101011001011100010111110
1000000000000000000000000101011010001110010101011
1000000000000000000000000101011101011001101011011
1000000000000000000000000101011110110100001110001
1000000000000000000000000101100000010011011110001
1000000000000000000000000101100011101110111100010
1000000000000000000000000101100100101101110110010
1000000000000000000000000101100111011010110111111
1000000000000000000000000101101001001000010011011
1000000000000000000000000101101011111111111011000
1000000000000000000000000101101101001110110011110
1000000000000000000000000101101111100110100101101
1000000000000000000000000101110001010010100011010
1000000000000000000000000101110010010000001101110
1000000000000000000000000101110101100101111101100
1000000000000000000000000101110110110100000011101
1000000000000000000000000101111000010101110011010
1000000000000000000000000101111011010000111010010
1000000000000000000000000101111101100000000110111
1000000000000000000000000101111111000001110111100
1000000000000000000000000110000000000110101001101
1000000000000000000000000110000011101010100111101
1000000000000000000000000110000101011001000000111
1000000000000000000000000110000110100110011100010
1000000000000000000000000110001001110111111100001
1000000000000000000000000110001011000111001000001
1000000000000000000000000110001101100110010111011
1000000000000000000000000110001110010000110001001
1000000000000000000000000110010000001111010010000
1000000000000000000000000110010011100101110011100
1000000000000000000000000110010101001111000000011
1000000000000000000000000110010111111101000001000
1000000000000000000000000110011001011000100000010
1000000000000000000000000110011011001111111110000
1000000000000000000000000110011101001010111111111
1000000000000000000000000110011111110000110000001
1000000000000000000000000110100001101010011111101
1000000000000000000000000110100010101010000001010
1000000000000000000000000110100100010100101011010
1000000000000000000000000110100110001011011010110
1000000000000000000000000110101000010100011001010
1000000000000000000000000110101010111101111001011
1000000000000000000000000110101101101011000001101
1000000000000000000000000110101111001000101010011
1000000000000000000000000110110001011000001001110
1000000000000000000000000110110010011001100110100
1000000000000000000000000110110101010010101110101
1000000000000000000000000110110110010101010110100
1000000000000000000000000110111000110100111110101
1000000000000000000000000110111011011000000001011
1000000000000000000000000110111100110011100001101
1000000000000000000000000110111111001101110110100
1000000000000000000000000111000001110100011000001
1000000000000000000000000111000011101011110110011
1000000000000000000000000111000101000000001001100
1000000000000000000000000111000110001111101111110
1000000000000000000000000111001000101010001101010
1000000000000000000000000111001011100011000001001
1000000000000000000000000111001101111110111100111
1000000000000000000000000111001110010001011001010
1000000000000000000000000111010001111000001000010
1000000000000000000000000111010010110100011001110
1000000000000000000000000111010100010001111001110
1000000000000000000000000111010110011100111010111
1000000000000000000000000111011000110101000100101
1000000000000000000000000111011010110001100111011
1000000000000000000000000111011100010101100011101
1000000000000000000000000111011111010010110001101
1000000000000000000000000111100001011101000100101
1000000000000000000000000111100010011110000011101
1000000000000000000000000111100101100000111011101
1000000000000000000000000111100110000101101000000
1000000000000000000000000111101001101001000001011
1000000000000000000000000111101011010010100110010
1000000000000000000000000111101101001100110110110
1000000000000000000000000111101110101011111010111
1000000000000000000000000111110000010111110110100
1000000000000000000000000111110010011011011111111
1000000000000000000000000111110101000010111011100
1000000000000000000000000111110110101010100110100
1000000000000000000000000111111001101011101111000
1000000000000000000000000111111011111101001101110
1000000000000000000000000111111101010110110000110
1000000000000000000000000111111110111001011010110
000000000000000000000000000000000
000000000000000000000000000000001
000000000000000000000000000000010
000000000000000000000000000000011
000000000000000000000000000000100
000000000000000000000000000000101
000000000000000000000000000000110
000000000000000000000000000000111
000000000000000000000000000001000
000000000000000000000000000001001
000000000000000000000000000001010
000000000000000000000000000001011
000000000000000000000000000001100
000000000000000000000000000001101
000000000000000000000000000001110
000000000000000000000000000001111
000000000000000000000000000010000
000000000000000000000000000010001
000000000000000000000000000010010
000000000000000000000000000010011
000000000000000000000000000010100
000000000000000000000000000010101
000000000000000000000000000010110
000000000000000000000000000010111
000000000000000000000000000011000
000000000000000000000000000011001
000000000000000000000000000011010
000000000000000000000000000011011
000000000000000000000000000011100
000000000000000000000000000011101
000000000000000000000000000011110
000000000000000000000000000011111
000000000000000000000000000100000
000000000000000000000000000100001
000000000000000000000000000100010
000000000000000000000000000100011
000000000000000000000000000100100
000000000000000000000000000100101
000000000000000000000000000100110
000000000000000000000000000100111
000000000000000000000000000101000
000000000000000000000000000101001
000000000000000000000000000101010
000000000000000000000000000101011
000000000000000000000000000101100
000000000000000000000000000101101
000000000000000000000000000101110
000000000000000000000000000101111
000000000000000000000000000110000
000000000000000000000000000110001
000000000000000000000000000110010
000000000000000000000000000110011
000000000000000000000000000110100
000000000000000000000000000110101
000000000000000000000000000110110
000000000000000000000000000110111
000000000000000000000000000111000
000000000000000000000000000111001
000000000000000000000000000111010
000000000000000000000000000111011
000000000000000000000000000111100
000000000000000000000000000111101
000000000000000000000000000111110
000000000000000000000000000111111
000000000000000000000000001000000
000000000000000000000000001000001
000000000000000000000000001000010
000000000000000000000000001000011
000000000000000000000000001000100
000000000000000000000000001000101
000000000000000000000000001000110
000000000000000000000000001000111
000000000000000000000000001001000
000000000000000000000000001001001
000000000000000000000000001001010
000000000000000000000000001001011
000000000000000000000000001001100
000000000000000000000000001001101
000000000000000000000000001001110
000000000000000000000000001001111
000000000000000000000000001010000
000000000000000000000000001010001
000000000000000000000000001010010
000000000000000000000000001010011
000000000000000000000000001010100
000000000000000000000000001010101
000000000000000000000000001010110
000000000000000000000000001010111
000000000000000000000000001011000
000000000000000000000000001011001
000000000000000000000000001011010
000000000000000000000000001011011
000000000000000000000000001011100
000000000000000000000000001011101
000000000000000000000000001011110
000000000000000000000000001011111
000000000000000000000000001100000
000000000000000000000000001100001
000000000000000000000000001100010
000000000000000000000000001100011
000000000000000000000000001100100
000000000000000000000000001100101
000000000000000000000000001100110
000000000000000000000000001100111
000000000000000000000000001101000
000000000000000000000000001101001
000000000000000000000000001101010
000000000000000000000000001101011
000000000000000000000000001101100
000000000000000000000000001101101
000000000000000000000000001101110
000000000000000000000000001101111
000000000000000000000000001110000
000000000000000000000000001110001
000000000000000000000000001110010
000000000000000000000000001110011
000000000000000000000000001110100
000000000000000000000000001110101
000000000000000000000000001110110
000000000000000000000000001110111
000000000000000000000000001111000
000000000000000000000000001111001
000000000000000000000000001111010
000000000000000000000000001111011
000000000000000000000000001111100
000000000000000000000000001111101
000000000000000000000000001111110
000000000000000000000000001111111
000000000000000000000000010000000
000000000000000000000000010000001
000000000000000000000000010000010
000000000000000000000000010000011
000000000000000000000000010000100
000000000000000000000000010000101
000000000000000000000000010000110
000000000000000000000000010000111
000000000000000000000000010001000
000000000000000000000000010001001
000000000000000000000000010001010
000000000000000000000000010001011
000000000000000000000000010001100
000000000000000000000000010001101
000000000000000000000000010001110
000000000000000000000000010001111
000000000000000000000000010010000
000000000000000000000000010010001
000000000000000000000000010010010
000000000000000000000000010010011
000000000000000000000000010010100
000000000000000000000000010010101
000000000000000000000000010010110
000000000000000000000000010010111
000000000000000000000000010011000
000000000000000000000000010011001
000000000000000000000000010011010
000000000000000000000000010011011
000000000000000000000000010011100
000000000000000000000000010011101
000000000000000000000000010011110
000000000000000000000000010011111
000000000000000000000000010100000
000000000000000000000000010100001
000000000000000000000000010100010
000000000000000000000000010100011
000000000000000000000000010100100
000000000000000000000000010100101
000000000000000000000000010100110
000000000000000000000000010100111
000000000000000000000000010101000
000000000000000000000000010101001
000000000000000000000000010101010
000000000000000000000000010101011
000000000000000000000000010101100
000000000000000000000000010101101
000000000000000000000000010101110
000000000000000000000000010101111
000000000000000000000000010110000
000000000000000000000000010110001
000000000000000000000000010110010
000000000000000000000000010110011
000000000000000000000000010110100
000000000000000000000000010110101
000000000000000000000000010110110
000000000000000000000000010110111
000000000000000000000000010111000
000000000000000000000000010111001
000000000000000000000000010111010
000000000000000000000000010111011
000000000000000000000000010111100
000000000000000000000000010111101
000000000000000000000000010111110
000000000000000000000000010111111
000000000000000000000000011000000
000000000000000000000000011000001
000000000000000000000000011000010
000000000000000000000000011000011
000000000000000000000000011000100
000000000000000000000000011000101
000000000000000000000000011000110
000000000000000000000000011000111
000000000000000000000000011001000
000000000000000000000000011001001
000000000000000000000000011001010
000000000000000000000000011001011
000000000000000000000000011001100
000000000000000000000000011001101
000000000000000000000000011001110
000000000000000000000000011001111
000000000000000000000000011010000
000000000000000000000000011010001
000000000000000000000000011010010
000000000000000000000000011010011
000000000000000000000000011010100
000000000000000000000000011010101
000000000000000000000000011010110
000000000000000000000000011010111
000000000000000000000000011011000
000000000000000000000000011011001
000000000000000000000000011011010
000000000000000000000000011011011
000000000000000000000000011011100
000000000000000000000000011011101
000000000000000000000000011011110
000000000000000000000000011011111
000000000000000000000000011100000
000000000000000000000000011100001
000000000000000000000000011100010
000000000000000000000000011100011
000000000000000000000000011100100
000000000000000000000000011100101
000000000000000000000000011100110
000000000000000000000000011100111
000000000000000000000000011101000
000000000000000000000000011101001
000000000000000000000000011101010
000000000000000000000000011101011
000000000000000000000000011101100
000000000000000000000000011101101
000000000000000000000000011101110
000000000000000000000000011101111
000000000000000000000000011110000
000000000000000000000000011110001
000000000000000000000000011110010
000000000000000000000000011110011
000000000000000000000000011110100
000000000000000000000000011110101
000000000000000000000000011110110
000000000000000000000000011110111
000000000000000000000000011111000
000000000000000000000000011111001
000000000000000000000000011111010
000000000000000000000000011111011
000000000000000000000000011111100
000000000000000000000000011111101
000000000000000000000000011111110
000000000000000000000000011111111
