0101101111110110
1010001110011111
1010000000011010
0011110000001110
1101000100111110
1111111000010001
1101100001101101
0110101110111001
1110110110000000
1010010010000100
1110101000001110
1001000000000000
1110101011001110
1011011011001101
1101111010000101
0000010000111000
1110111100110000
0011010100011110
0001101110011011
0101100101110111
0101111111111111
1100101111100101
0101110000101101
1001011011111010
0011011000001001
0100010101000010
0011110111011001
0001011111110110
1110011110001011
1101101001001010
0000010000001001
0111010000101001
0100001010110011
0111111110101110
1000100010100111
0100110010000000
0100110011111111
0010111101100100
1011011011110011
0000111110001000
0010000100010001
1001000001010111
0110110001110001
1000101000010111
1100011110000101
1000100011010110
0010100111111000
0011011000000011
0000011000010000
0101100010000000
1110100000011010
0110100011101001
0111100000001001
0011000011010101
1001000000010000
1001111100111101
1110101010111100
0110000000001110
1011101111110100
1100010011100110
1000110001101000
0111110010111110
1000000111001001
0011011010001101
1010001011101011
0010010001111000
1111011110011100
1101011010111010
0010001010111111
0011110101101110
0001101001000010
0001100100111000
1001110000000101
1100001100010110
1001110101010101
0100110001110000
1001100111110001
0110011001011110
1110000101011010
0101111110111110
0010000001111001
0100000100010111
0011011101010111
1110111000111111
0010011110011000
1001101101000011
0110010101100000
1110010010111011
1100100000011000
0010010100101101
1010110001100111
1010011101100011
1000110011011001
1011001110100101
1001001011011000
1000101100100011
0001101010000100
1011010010111000
1100101111010011
1011000000110000
0001000010111010
0111100010001000
0100111000000010
1001100100111011
1110010001111100
1001100011001100
0001001111010110
1011000011001000
0010100001100101
1011110110010001
0010100100101101
1000101100111000
0110111110000101
1001000110010010
0001001011100101
0100100000001111
0000100000110100
1011101001001000
0010100100000100
1100001000100010
0010101001110001
0110101000101110
1010011111100010
1011101101110100
0100000101000110
0111111000001100
1110010010010000
0110001101000110
1001010111110110
0101010111101110
1011101101011110
0010100001100010
0100111011110011
0111100101101110
0100011111110001
1011111111001000
0100001101010000
1011111011111100
1010100010011101
0101000000001000
1010010001011001
1111000111010001
0110101000100101
0111101010001000
1010100010101100
1010100001010110
1111011001101100
0011111010100100
1011000000010000
0010101111011101
1100011011101100
0011001111101101
1010011111100010
0010111010010011
0111010001001111
1101110000010011
0011110101111101
1000111010010000
0011110110101001
0111011010101011
0010001001101000
0100111110100001
0010100001010011
0001010111100010
0100110111110000
1000011111100000
0111000000110101
0111111010111111
0101100011110010
0111001110101101
0010101111000010
1011110011000110
1011100010111110
0001110010101011
1011001101011011
0110100001110001
0010011011110001
1101110111100010
0101101110110010
1011010110111111
1001000010011011
1111111111011000
1001110110011110
1100110100101101
1010010100011010
0010000001101110
1100101111101100
0110100000011101
0010101110011010
1010000111010010
1100000000110111
1000001110111100
0000110101001101
1101010100111101
1011001000000111
0100110011100010
1110111111100001
1000111001000001
1100110010111011
0010000110001001
0001111010010000
1100101110011100
1001111000000011
1111101000001000
1011000100000010
1001111111110000
1001010111111111
1110000110000001
1101010011111101
0101010000001010
0010100101011010
0001011011010110
0010100011001010
0111101111001011
1101011000001101
1001000101010011
1011000001001110
0011001100110100
1010010101110101
0010101010110100
0110100111110101
1011000000001011
0110011100001101
1001101110110100
1110100011000001
1101011110110011
1000000001001100
0001111101111110
0101010001101010
1100011000001001
1111110111100111
0010001011001010
1111000001000010
0110100011001110
0010001111001110
0011100111010111
0110101000100101
0110001100111011
0010101100011101
1010010110001101
1011101000100101
0011110000011101
1100000111011101
0000101101000000
1101001000001011
1010010100110010
1001100110110110
0101011111010111
0010111110110100
0011011011111111
1000010111011100
0101010100110100
1101011101111000
1111101001101110
1010110110000110
0111001011010110
